              IB =     2
              IE =    13
           IDTYP =     1
              DI =   8.33333D-03
 
             RHO =   7.80000D+03
            COND =   2.60000D+01
              CP =   4.30000D+02
            VISC =   1.00000D-03
            EMIS =   1.00000D+00 
              T0 =   1.00000D+01
           DTIME =   1.00000D+10
           KNTTM =     1
           KNTNL =   100
            CRIT =   1.00000D-05
 
          LVLGEO =     1
          LVLCOF =     0
           HCONV =   2.80000D+02
           TINFE =   5.00000D+01
           TINFW =   4.00000D+01
            TINF =   4.00000D+01
 
 
  XE     
   0.000D+00  8.333D-03  1.667D-02  2.500D-02  3.333D-02  4.167D-02  5.000D-02
 I->       1          2          3          4          5          6          7
   5.833D-02  6.667D-02  7.500D-02  8.333D-02  9.167D-02  1.000D-01  0.000D+00
 I->       8          9         10         11         12         13         14
 
  YNE    
   2.500D-03  2.500D-03  2.500D-03  2.500D-03  2.500D-03  2.500D-03  2.500D-03
 I->       1          2          3          4          5          6          7
   2.500D-03  2.500D-03  2.500D-03  2.500D-03  2.500D-03  2.500D-03  0.000D+00
 I->       8          9         10         11         12         13         14
 
  ZUE    
   2.500D-03  2.500D-03  2.500D-03  2.500D-03  2.500D-03  2.500D-03  2.500D-03
 I->       1          2          3          4          5          6          7
   2.500D-03  2.500D-03  2.500D-03  2.500D-03  2.500D-03  2.500D-03  0.000D+00
 I->       8          9         10         11         12         13         14
 
  XP     
   0.000D+00  4.167D-03  1.250D-02  2.083D-02  2.917D-02  3.750D-02  4.583D-02
 I->       1          2          3          4          5          6          7
   5.417D-02  6.250D-02  7.083D-02  7.917D-02  8.750D-02  9.583D-02  1.000D-01
 I->       8          9         10         11         12         13         14
 
  DIEP   
   4.167D-03  8.333D-03  8.333D-03  8.333D-03  8.333D-03  8.333D-03  8.333D-03
 I->       1          2          3          4          5          6          7
   8.333D-03  8.333D-03  8.333D-03  8.333D-03  8.333D-03  4.167D-03
 I->       8          9         10         11         12         13
 
  DISE   
   0.000D+00  4.167D-03  4.167D-03  4.167D-03  4.167D-03  4.167D-03  4.167D-03
 I->       1          2          3          4          5          6          7
   4.167D-03  4.167D-03  4.167D-03  4.167D-03  4.167D-03  4.167D-03
 I->       8          9         10         11         12         13
 
  AREP   
   2.500D-05  2.500D-05  2.500D-05  2.500D-05  2.500D-05  2.500D-05  2.500D-05
 I->       1          2          3          4          5          6          7
   2.500D-05  2.500D-05  2.500D-05  2.500D-05  2.500D-05  2.500D-05  4.565D-41
 I->       8          9         10         11         12         13         14
 
  ARO    
   1.667D-04  1.667D-04  1.667D-04  1.667D-04  1.667D-04  1.667D-04  1.667D-04
 I->       2          3          4          5          6          7          8
   1.667D-04  1.667D-04  1.667D-04  1.667D-04  1.667D-04
 I->       9         10         11         12         13
 
  VOLP   
   1.640D-17  2.083D-07  2.083D-07  2.083D-07  2.083D-07  2.083D-07  2.083D-07
 I->       1          2          3          4          5          6          7
   2.083D-07  2.083D-07  2.083D-07  2.083D-07  2.083D-07  2.083D-07  4.591D-41
 I->       8          9         10         11         12         13         14
 
 T(init) 
   1.000D+01  1.000D+01  1.000D+01  1.000D+01  1.000D+01  1.000D+01  1.000D+01
 I->       1          2          3          4          5          6          7
   1.000D+01  1.000D+01  1.000D+01  1.000D+01  1.000D+01  1.000D+01  1.000D+01
 I->       8          9         10         11         12         13         14
 
  T      
   5.218D+01  5.273D+01  5.368D+01  5.451D+01  5.520D+01  5.576D+01  5.619D+01
 I->       1          2          3          4          5          6          7
   5.648D+01  5.664D+01  5.666D+01  5.655D+01  5.631D+01  5.593D+01  5.568D+01
 I->       8          9         10         11         12         13         14
