              IB =     2
              IE =    17
           IDTYP =     3
              DI =   6.25000D-02
 
          ADVSCM =     1
            BCTE =     0
            BCTW =     0
            CDSA =     0
 
             RHO =   1.00000D+03
            COND =   0.00000D+00
              CP =   1.00000D+00
            VISC =   1.00000D-03
            EMIS =   0.00000D+00 
              T0 =   0.00000D+00
           DTIME =   1.00000D+10
           KNTTM =     1
           KNTNL =   200
            CRIT =   1.00000D-06
 
          LVLGEO =     1
          LVLCOF =     0
           HCONV =   1.00000D+04
            TINF =   1.00000D+00
 
              U0 =   0.00000D+00
            UHE0 =   0.00000D+00
              P0 =   0.00000D+00
          INLETU =   2.00000D+00
         OUTLETP =   0.00000D+00
 
 
  XE     
   0.000D+00  6.250D-02  1.250D-01  1.875D-01  2.500D-01  3.125D-01  3.750D-01
 I->       1          2          3          4          5          6          7
   4.375D-01  5.000D-01  5.625D-01  6.250D-01  6.875D-01  7.500D-01  8.125D-01
 I->       8          9         10         11         12         13         14
   8.750D-01  9.375D-01  1.000D+00  0.000D+00
 I->      15         16         17         18
 
  YNE    
   3.000D-02  2.924D-02  2.707D-02  2.383D-02  2.000D-02  1.617D-02  1.293D-02
 I->       1          2          3          4          5          6          7
   1.076D-02  1.000D-02  1.076D-02  1.293D-02  1.617D-02  2.000D-02  2.383D-02
 I->       8          9         10         11         12         13         14
   2.707D-02  2.924D-02  3.000D-02  0.000D+00
 I->      15         16         17         18
 
  ZUE    
   0.000D+00  0.000D+00  0.000D+00  0.000D+00  0.000D+00  0.000D+00  0.000D+00
 I->       1          2          3          4          5          6          7
   0.000D+00  0.000D+00  0.000D+00  0.000D+00  0.000D+00  0.000D+00  0.000D+00
 I->       8          9         10         11         12         13         14
   0.000D+00  0.000D+00  0.000D+00  0.000D+00
 I->      15         16         17         18
 
  XP     
   0.000D+00  3.125D-02  9.375D-02  1.562D-01  2.188D-01  2.812D-01  3.438D-01
 I->       1          2          3          4          5          6          7
   4.062D-01  4.688D-01  5.312D-01  5.938D-01  6.562D-01  7.188D-01  7.812D-01
 I->       8          9         10         11         12         13         14
   8.438D-01  9.062D-01  9.688D-01  1.000D+00
 I->      15         16         17         18
 
  DIEP   
   3.125D-02  6.250D-02  6.250D-02  6.250D-02  6.250D-02  6.250D-02  6.250D-02
 I->       1          2          3          4          5          6          7
   6.250D-02  6.250D-02  6.250D-02  6.250D-02  6.250D-02  6.250D-02  6.250D-02
 I->       8          9         10         11         12         13         14
   6.250D-02  6.250D-02  3.125D-02
 I->      15         16         17
 
  DISE   
   0.000D+00  3.125D-02  3.125D-02  3.125D-02  3.125D-02  3.125D-02  3.125D-02
 I->       1          2          3          4          5          6          7
   3.125D-02  3.125D-02  3.125D-02  3.125D-02  3.125D-02  3.125D-02  3.125D-02
 I->       8          9         10         11         12         13         14
   3.125D-02  3.125D-02  3.125D-02
 I->      15         16         17
 
  AREP   
   2.827D-03  2.686D-03  2.302D-03  1.784D-03  1.257D-03  8.218D-04  5.251D-04
 I->       1          2          3          4          5          6          7
   3.638D-04  3.142D-04  3.638D-04  5.251D-04  8.218D-04  1.257D-03  1.784D-03
 I->       8          9         10         11         12         13         14
   2.302D-03  2.686D-03  2.827D-03  0.000D+00
 I->      15         16         17         18
 
  ARO    
   1.163D-02  1.106D-02  1.001D-02  8.621D-03  7.116D-03  5.722D-03  4.654D-03
 I->       2          3          4          5          6          7          8
   4.077D-03  4.077D-03  4.654D-03  5.722D-03  7.116D-03  8.621D-03  1.001D-02
 I->       9         10         11         12         13         14         15
   1.106D-02  1.163D-02
 I->      16         17
 
  VOLP   
   3.195D-39  1.723D-04  1.557D-04  1.273D-04  9.453D-05  6.447D-05  4.175D-05
 I->       1          2          3          4          5          6          7
   2.763D-05  2.117D-05  2.117D-05  2.763D-05  4.175D-05  6.447D-05  9.453D-05
 I->       8          9         10         11         12         13         14
   1.273D-04  1.557D-04  1.723D-04  0.000D+00
 I->      15         16         17         18
 
 T(init).
   0.000D+00  0.000D+00  0.000D+00  0.000D+00  0.000D+00  0.000D+00  0.000D+00
 I->       1          2          3          4          5          6          7
   0.000D+00  0.000D+00  0.000D+00  0.000D+00  0.000D+00  0.000D+00  0.000D+00
 I->       8          9         10         11         12         13         14
   0.000D+00  0.000D+00  0.000D+00  0.000D+00
 I->      15         16         17         18
 
  T      
   2.000D+00  2.120D+00  2.285D+00  2.855D+00  3.898D+00  5.809D+00  8.736D+00
 I->       1          2          3          4          5          6          7
   1.274D+01  1.656D+01  1.803D+01  1.523D+01  8.903D+00  3.941D+00  2.761D+00
 I->       8          9         10         11         12         13         14
   2.747D+00  2.398D+00  2.000D+00  2.000D+00
 I->      15         16         17         18
