              IB =     2
              IE =     9
           IDTYP =     1
              DI =   1.25000D-02
 
             RHO =   7.80000D+03
            COND =   6.00000D+01
              CP =   4.30000D+02
            VISC =   1.00000D-03
            EMIS =   1.00000D+00 
              T0 =   1.00000D+01
           DTIME =   1.00000D+10
           KNTTM =     1
           KNTNL =   100
            CRIT =   1.00000D-05
 
          LVLGEO =     1
          LVLCOF =     0
           HCONV =   1.20000D+01
            TINF =   2.50000D+01
 
 
  XE     
   0.000D+00  1.250D-02  2.500D-02  3.750D-02  5.000D-02  6.250D-02  7.500D-02
 I->       1          2          3          4          5          6          7
   8.750D-02  1.000D-01  0.000D+00
 I->       8          9         10
 
  YNE    
   2.500D-03  2.500D-03  2.500D-03  2.500D-03  2.500D-03  2.500D-03  2.500D-03
 I->       1          2          3          4          5          6          7
   2.500D-03  2.500D-03  0.000D+00
 I->       8          9         10
 
  ZUE    
   2.500D-03  2.500D-03  2.500D-03  2.500D-03  2.500D-03  2.500D-03  2.500D-03
 I->       1          2          3          4          5          6          7
   2.500D-03  2.500D-03  0.000D+00
 I->       8          9         10
 
  XP     
   0.000D+00  6.250D-03  1.875D-02  3.125D-02  4.375D-02  5.625D-02  6.875D-02
 I->       1          2          3          4          5          6          7
   8.125D-02  9.375D-02  1.000D-01
 I->       8          9         10
 
  DIEP   
   6.250D-03  1.250D-02  1.250D-02  1.250D-02  1.250D-02  1.250D-02  1.250D-02
 I->       1          2          3          4          5          6          7
   1.250D-02  6.250D-03
 I->       8          9
 
  DISE   
   0.000D+00  6.250D-03  6.250D-03  6.250D-03  6.250D-03  6.250D-03  6.250D-03
 I->       1          2          3          4          5          6          7
   6.250D-03  6.250D-03
 I->       8          9
 
  AREP   
   2.500D-05  2.500D-05  2.500D-05  2.500D-05  2.500D-05  2.500D-05  2.500D-05
 I->       1          2          3          4          5          6          7
   2.500D-05  2.500D-05  0.000D+00
 I->       8          9         10
 
  ARO    
   2.500D-04  2.500D-04  2.500D-04  2.500D-04  2.500D-04  2.500D-04  2.500D-04
 I->       2          3          4          5          6          7          8
   2.500D-04
 I->       9
 
  VOLP   
  -6.742D+34  3.125D-07  3.125D-07  3.125D-07  3.125D-07  3.125D-07  3.125D-07
 I->       1          2          3          4          5          6          7
   3.125D-07  3.125D-07  4.569D-41
 I->       8          9         10
 
 T(init) 
   1.000D+01  1.000D+01  1.000D+01  1.000D+01  1.000D+01  1.000D+01  1.000D+01
 I->       1          2          3          4          5          6          7
   1.000D+01  1.000D+01  1.000D+01
 I->       8          9         10
 
  T      
   1.000D+02  9.669D+01  9.187D+01  8.873D+01  8.717D+01  8.717D+01  8.873D+01
 I->       1          2          3          4          5          6          7
   9.187D+01  9.669D+01  1.000D+02
 I->       8          9         10
