              IB =     2
              IE =     5
           IDTYP =     1
              DI =   2.50000D-02
 
             RHO =   7.80000D+03
            COND =   6.00000D+01
              CP =   4.30000D+02
            VISC =   1.00000D-03
            EMIS =   1.00000D+00 
              T0 =   1.00000D+01
           DTIME =   1.00000D+10
           KNTTM =     1
           KNTNL =   100
            CRIT =   1.00000D-05
 
          LVLGEO =     1
          LVLCOF =     0
           HCONV =   0.00000D+00
            TINF =   0.00000D+00
 
 
  XE     
   0.000D+00  2.500D-02  5.000D-02  7.500D-02  1.000D-01  0.000D+00
 I->       1          2          3          4          5          6
 
  YNE    
   1.250D-03  1.250D-03  1.250D-03  1.250D-03  1.250D-03  0.000D+00
 I->       1          2          3          4          5          6
 
  ZUE    
   1.250D-03  1.250D-03  1.250D-03  1.250D-03  1.250D-03  0.000D+00
 I->       1          2          3          4          5          6
 
  XP     
   0.000D+00  1.250D-02  3.750D-02  6.250D-02  8.750D-02  1.000D-01
 I->       1          2          3          4          5          6
 
  DIEP   
   1.250D-02  2.500D-02  2.500D-02  2.500D-02  1.250D-02
 I->       1          2          3          4          5
 
  DISE   
   0.000D+00  1.250D-02  1.250D-02  1.250D-02  1.250D-02
 I->       1          2          3          4          5
 
  AREP   
   6.250D-06  6.250D-06  6.250D-06  6.250D-06  6.250D-06  0.000D+00
 I->       1          2          3          4          5          6
 
  ARO    
   2.500D-04  2.500D-04  2.500D-04  2.500D-04
 I->       2          3          4          5
 
  VOLP   
   0.000D+00  1.562D-07  1.562D-07  1.562D-07  1.562D-07  0.000D+00
 I->       1          2          3          4          5          6
 
 T(init) 
   1.000D+01  1.000D+01  1.000D+01  1.000D+01  1.000D+01  1.000D+01
 I->       1          2          3          4          5          6
 
  T      
   1.000D+02  8.750D+01  6.250D+01  3.750D+01  1.250D+01  0.000D+00
 I->       1          2          3          4          5          6
