              IB =     2
              IE =     9
           IDTYP =     1
              DI =   1.25000D-02
 
             RHO =   7.80000D+03
            COND =   6.00000D+01
              CP =   4.30000D+02
            VISC =   1.00000D-03
            EMIS =   1.00000D+00 
              T0 =   1.00000D+01
           DTIME =   1.00000D+10
           KNTTM =     1
           KNTNL =   100
            CRIT =   1.00000D-05
 
          LVLGEO =     1
          LVLCOF =     0
           HCONV =   0.00000D+00
            TINF =   0.00000D+00
 
 
  XE     
   0.000D+00  1.250D-02  2.500D-02  3.750D-02  5.000D-02  6.250D-02  7.500D-02
 I->       1          2          3          4          5          6          7
   8.750D-02  1.000D-01  0.000D+00
 I->       8          9         10
 
  YNE    
   1.250D-03  1.250D-03  1.250D-03  1.250D-03  1.250D-03  1.250D-03  1.250D-03
 I->       1          2          3          4          5          6          7
   1.250D-03  1.250D-03  0.000D+00
 I->       8          9         10
 
  ZUE    
   1.250D-03  1.250D-03  1.250D-03  1.250D-03  1.250D-03  1.250D-03  1.250D-03
 I->       1          2          3          4          5          6          7
   1.250D-03  1.250D-03  0.000D+00
 I->       8          9         10
 
  XP     
   0.000D+00  6.250D-03  1.875D-02  3.125D-02  4.375D-02  5.625D-02  6.875D-02
 I->       1          2          3          4          5          6          7
   8.125D-02  9.375D-02  1.000D-01
 I->       8          9         10
 
  DIEP   
   6.250D-03  1.250D-02  1.250D-02  1.250D-02  1.250D-02  1.250D-02  1.250D-02
 I->       1          2          3          4          5          6          7
   1.250D-02  6.250D-03
 I->       8          9
 
  DISE   
   0.000D+00  6.250D-03  6.250D-03  6.250D-03  6.250D-03  6.250D-03  6.250D-03
 I->       1          2          3          4          5          6          7
   6.250D-03  6.250D-03
 I->       8          9
 
  AREP   
   6.250D-06  6.250D-06  6.250D-06  6.250D-06  6.250D-06  6.250D-06  6.250D-06
 I->       1          2          3          4          5          6          7
   6.250D-06  6.250D-06  0.000D+00
 I->       8          9         10
 
  ARO    
   1.250D-04  1.250D-04  1.250D-04  1.250D-04  1.250D-04  1.250D-04  1.250D-04
 I->       2          3          4          5          6          7          8
   1.250D-04
 I->       9
 
  VOLP   
  -1.094D+18  7.812D-08  7.812D-08  7.812D-08  7.812D-08  7.812D-08  7.813D-08
 I->       1          2          3          4          5          6          7
   7.812D-08  7.813D-08  4.567D-41
 I->       8          9         10
 
 T(init) 
   1.000D+01  1.000D+01  1.000D+01  1.000D+01  1.000D+01  1.000D+01  1.000D+01
 I->       1          2          3          4          5          6          7
   1.000D+01  1.000D+01  1.000D+01
 I->       8          9         10
 
  T      
   1.000D+02  9.375D+01  8.125D+01  6.875D+01  5.625D+01  4.375D+01  3.125D+01
 I->       1          2          3          4          5          6          7
   1.875D+01  6.250D+00  0.000D+00
 I->       8          9         10
