              IB =     2
              IE =    41
           IDTYP =     1
              DI =   2.50000D-03
 
             RHO =   7.80000D+03
            COND =   6.00000D+01
              CP =   4.30000D+02
            VISC =   1.00000D-03
            EMIS =   1.00000D+00 
              T0 =   1.00000D+01
           DTIME =   1.00000D+10
           KNTTM =     1
           KNTNL =   100
            CRIT =   1.00000D-05
 
          LVLGEO =     1
          LVLCOF =     0
           HCONV =   1.20000D+01
            TINF =   2.50000D+01
 
 
  XE     
   0.000D+00  2.500D-03  5.000D-03  7.500D-03  1.000D-02  1.250D-02  1.500D-02
 I->       1          2          3          4          5          6          7
   1.750D-02  2.000D-02  2.250D-02  2.500D-02  2.750D-02  3.000D-02  3.250D-02
 I->       8          9         10         11         12         13         14
   3.500D-02  3.750D-02  4.000D-02  4.250D-02  4.500D-02  4.750D-02  5.000D-02
 I->      15         16         17         18         19         20         21
   5.250D-02  5.500D-02  5.750D-02  6.000D-02  6.250D-02  6.500D-02  6.750D-02
 I->      22         23         24         25         26         27         28
   7.000D-02  7.250D-02  7.500D-02  7.750D-02  8.000D-02  8.250D-02  8.500D-02
 I->      29         30         31         32         33         34         35
   8.750D-02  9.000D-02  9.250D-02  9.500D-02  9.750D-02  1.000D-01  0.000D+00
 I->      36         37         38         39         40         41         42
 
  YNE    
   2.500D-03  2.500D-03  2.500D-03  2.500D-03  2.500D-03  2.500D-03  2.500D-03
 I->       1          2          3          4          5          6          7
   2.500D-03  2.500D-03  2.500D-03  2.500D-03  2.500D-03  2.500D-03  2.500D-03
 I->       8          9         10         11         12         13         14
   2.500D-03  2.500D-03  2.500D-03  2.500D-03  2.500D-03  2.500D-03  2.500D-03
 I->      15         16         17         18         19         20         21
   2.500D-03  2.500D-03  2.500D-03  2.500D-03  2.500D-03  2.500D-03  2.500D-03
 I->      22         23         24         25         26         27         28
   2.500D-03  2.500D-03  2.500D-03  2.500D-03  2.500D-03  2.500D-03  2.500D-03
 I->      29         30         31         32         33         34         35
   2.500D-03  2.500D-03  2.500D-03  2.500D-03  2.500D-03  2.500D-03  0.000D+00
 I->      36         37         38         39         40         41         42
 
  ZUE    
   2.500D-03  2.500D-03  2.500D-03  2.500D-03  2.500D-03  2.500D-03  2.500D-03
 I->       1          2          3          4          5          6          7
   2.500D-03  2.500D-03  2.500D-03  2.500D-03  2.500D-03  2.500D-03  2.500D-03
 I->       8          9         10         11         12         13         14
   2.500D-03  2.500D-03  2.500D-03  2.500D-03  2.500D-03  2.500D-03  2.500D-03
 I->      15         16         17         18         19         20         21
   2.500D-03  2.500D-03  2.500D-03  2.500D-03  2.500D-03  2.500D-03  2.500D-03
 I->      22         23         24         25         26         27         28
   2.500D-03  2.500D-03  2.500D-03  2.500D-03  2.500D-03  2.500D-03  2.500D-03
 I->      29         30         31         32         33         34         35
   2.500D-03  2.500D-03  2.500D-03  2.500D-03  2.500D-03  2.500D-03  0.000D+00
 I->      36         37         38         39         40         41         42
 
  XP     
   0.000D+00  1.250D-03  3.750D-03  6.250D-03  8.750D-03  1.125D-02  1.375D-02
 I->       1          2          3          4          5          6          7
   1.625D-02  1.875D-02  2.125D-02  2.375D-02  2.625D-02  2.875D-02  3.125D-02
 I->       8          9         10         11         12         13         14
   3.375D-02  3.625D-02  3.875D-02  4.125D-02  4.375D-02  4.625D-02  4.875D-02
 I->      15         16         17         18         19         20         21
   5.125D-02  5.375D-02  5.625D-02  5.875D-02  6.125D-02  6.375D-02  6.625D-02
 I->      22         23         24         25         26         27         28
   6.875D-02  7.125D-02  7.375D-02  7.625D-02  7.875D-02  8.125D-02  8.375D-02
 I->      29         30         31         32         33         34         35
   8.625D-02  8.875D-02  9.125D-02  9.375D-02  9.625D-02  9.875D-02  1.000D-01
 I->      36         37         38         39         40         41         42
 
  DIEP   
   1.250D-03  2.500D-03  2.500D-03  2.500D-03  2.500D-03  2.500D-03  2.500D-03
 I->       1          2          3          4          5          6          7
   2.500D-03  2.500D-03  2.500D-03  2.500D-03  2.500D-03  2.500D-03  2.500D-03
 I->       8          9         10         11         12         13         14
   2.500D-03  2.500D-03  2.500D-03  2.500D-03  2.500D-03  2.500D-03  2.500D-03
 I->      15         16         17         18         19         20         21
   2.500D-03  2.500D-03  2.500D-03  2.500D-03  2.500D-03  2.500D-03  2.500D-03
 I->      22         23         24         25         26         27         28
   2.500D-03  2.500D-03  2.500D-03  2.500D-03  2.500D-03  2.500D-03  2.500D-03
 I->      29         30         31         32         33         34         35
   2.500D-03  2.500D-03  2.500D-03  2.500D-03  2.500D-03  1.250D-03
 I->      36         37         38         39         40         41
 
  DISE   
   0.000D+00  1.250D-03  1.250D-03  1.250D-03  1.250D-03  1.250D-03  1.250D-03
 I->       1          2          3          4          5          6          7
   1.250D-03  1.250D-03  1.250D-03  1.250D-03  1.250D-03  1.250D-03  1.250D-03
 I->       8          9         10         11         12         13         14
   1.250D-03  1.250D-03  1.250D-03  1.250D-03  1.250D-03  1.250D-03  1.250D-03
 I->      15         16         17         18         19         20         21
   1.250D-03  1.250D-03  1.250D-03  1.250D-03  1.250D-03  1.250D-03  1.250D-03
 I->      22         23         24         25         26         27         28
   1.250D-03  1.250D-03  1.250D-03  1.250D-03  1.250D-03  1.250D-03  1.250D-03
 I->      29         30         31         32         33         34         35
   1.250D-03  1.250D-03  1.250D-03  1.250D-03  1.250D-03  1.250D-03
 I->      36         37         38         39         40         41
 
  AREP   
   2.500D-05  2.500D-05  2.500D-05  2.500D-05  2.500D-05  2.500D-05  2.500D-05
 I->       1          2          3          4          5          6          7
   2.500D-05  2.500D-05  2.500D-05  2.500D-05  2.500D-05  2.500D-05  2.500D-05
 I->       8          9         10         11         12         13         14
   2.500D-05  2.500D-05  2.500D-05  2.500D-05  2.500D-05  2.500D-05  2.500D-05
 I->      15         16         17         18         19         20         21
   2.500D-05  2.500D-05  2.500D-05  2.500D-05  2.500D-05  2.500D-05  2.500D-05
 I->      22         23         24         25         26         27         28
   2.500D-05  2.500D-05  2.500D-05  2.500D-05  2.500D-05  2.500D-05  2.500D-05
 I->      29         30         31         32         33         34         35
   2.500D-05  2.500D-05  2.500D-05  2.500D-05  2.500D-05  2.500D-05  0.000D+00
 I->      36         37         38         39         40         41         42
 
  ARO    
   5.000D-05  5.000D-05  5.000D-05  5.000D-05  5.000D-05  5.000D-05  5.000D-05
 I->       2          3          4          5          6          7          8
   5.000D-05  5.000D-05  5.000D-05  5.000D-05  5.000D-05  5.000D-05  5.000D-05
 I->       9         10         11         12         13         14         15
   5.000D-05  5.000D-05  5.000D-05  5.000D-05  5.000D-05  5.000D-05  5.000D-05
 I->      16         17         18         19         20         21         22
   5.000D-05  5.000D-05  5.000D-05  5.000D-05  5.000D-05  5.000D-05  5.000D-05
 I->      23         24         25         26         27         28         29
   5.000D-05  5.000D-05  5.000D-05  5.000D-05  5.000D-05  5.000D-05  5.000D-05
 I->      30         31         32         33         34         35         36
   5.000D-05  5.000D-05  5.000D-05  5.000D-05  5.000D-05
 I->      37         38         39         40         41
 
  VOLP   
   4.003D+13  6.250D-08  6.250D-08  6.250D-08  6.250D-08  6.250D-08  6.250D-08
 I->       1          2          3          4          5          6          7
   6.250D-08  6.250D-08  6.250D-08  6.250D-08  6.250D-08  6.250D-08  6.250D-08
 I->       8          9         10         11         12         13         14
   6.250D-08  6.250D-08  6.250D-08  6.250D-08  6.250D-08  6.250D-08  6.250D-08
 I->      15         16         17         18         19         20         21
   6.250D-08  6.250D-08  6.250D-08  6.250D-08  6.250D-08  6.250D-08  6.250D-08
 I->      22         23         24         25         26         27         28
   6.250D-08  6.250D-08  6.250D-08  6.250D-08  6.250D-08  6.250D-08  6.250D-08
 I->      29         30         31         32         33         34         35
   6.250D-08  6.250D-08  6.250D-08  6.250D-08  6.250D-08  6.250D-08  4.573D-41
 I->      36         37         38         39         40         41         42
 
 T(init) 
   1.000D+01  1.000D+01  1.000D+01  1.000D+01  1.000D+01  1.000D+01  1.000D+01
 I->       1          2          3          4          5          6          7
   1.000D+01  1.000D+01  1.000D+01  1.000D+01  1.000D+01  1.000D+01  1.000D+01
 I->       8          9         10         11         12         13         14
   1.000D+01  1.000D+01  1.000D+01  1.000D+01  1.000D+01  1.000D+01  1.000D+01
 I->      15         16         17         18         19         20         21
   1.000D+01  1.000D+01  1.000D+01  1.000D+01  1.000D+01  1.000D+01  1.000D+01
 I->      22         23         24         25         26         27         28
   1.000D+01  1.000D+01  1.000D+01  1.000D+01  1.000D+01  1.000D+01  1.000D+01
 I->      29         30         31         32         33         34         35
   1.000D+01  1.000D+01  1.000D+01  1.000D+01  1.000D+01  1.000D+01  1.000D+01
 I->      36         37         38         39         40         41         42
 
  T      
   1.000D+02  9.934D+01  9.808D+01  9.690D+01  9.580D+01  9.476D+01  9.379D+01
 I->       1          2          3          4          5          6          7
   9.289D+01  9.206D+01  9.130D+01  9.060D+01  8.997D+01  8.940D+01  8.890D+01
 I->       8          9         10         11         12         13         14
   8.846D+01  8.809D+01  8.777D+01  8.752D+01  8.734D+01  8.721D+01  8.715D+01
 I->      15         16         17         18         19         20         21
   8.715D+01  8.721D+01  8.734D+01  8.752D+01  8.777D+01  8.809D+01  8.846D+01
 I->      22         23         24         25         26         27         28
   8.890D+01  8.940D+01  8.997D+01  9.060D+01  9.130D+01  9.206D+01  9.289D+01
 I->      29         30         31         32         33         34         35
   9.379D+01  9.476D+01  9.580D+01  9.690D+01  9.808D+01  9.934D+01  1.000D+02
 I->      36         37         38         39         40         41         42
