              IB =     2
              IE =    13
           IDTYP =     1
              DI =   8.33333D-03
 
             RHO =   7.80000D+03
            COND =   6.00000D+01
              CP =   4.30000D+02
            VISC =   1.00000D-03
            EMIS =   1.00000D+00 
              T0 =   1.00000D+01
           DTIME =   1.00000D+10
           KNTTM =     1
           KNTNL =   100
            CRIT =   1.00000D-05
 
          LVLGEO =     1
          LVLCOF =     0
           HCONV =   0.00000D+00
            TINF =   0.00000D+00
 
 
  XE     
   0.000D+00  8.333D-03  1.667D-02  2.500D-02  3.333D-02  4.167D-02  5.000D-02
 I->       1          2          3          4          5          6          7
   5.833D-02  6.667D-02  7.500D-02  8.333D-02  9.167D-02  1.000D-01  0.000D+00
 I->       8          9         10         11         12         13         14
 
  YNE    
   1.250D-03  1.250D-03  1.250D-03  1.250D-03  1.250D-03  1.250D-03  1.250D-03
 I->       1          2          3          4          5          6          7
   1.250D-03  1.250D-03  1.250D-03  1.250D-03  1.250D-03  1.250D-03  0.000D+00
 I->       8          9         10         11         12         13         14
 
  ZUE    
   1.250D-03  1.250D-03  1.250D-03  1.250D-03  1.250D-03  1.250D-03  1.250D-03
 I->       1          2          3          4          5          6          7
   1.250D-03  1.250D-03  1.250D-03  1.250D-03  1.250D-03  1.250D-03  0.000D+00
 I->       8          9         10         11         12         13         14
 
  XP     
   0.000D+00  4.167D-03  1.250D-02  2.083D-02  2.917D-02  3.750D-02  4.583D-02
 I->       1          2          3          4          5          6          7
   5.417D-02  6.250D-02  7.083D-02  7.917D-02  8.750D-02  9.583D-02  1.000D-01
 I->       8          9         10         11         12         13         14
 
  DIEP   
   4.167D-03  8.333D-03  8.333D-03  8.333D-03  8.333D-03  8.333D-03  8.333D-03
 I->       1          2          3          4          5          6          7
   8.333D-03  8.333D-03  8.333D-03  8.333D-03  8.333D-03  4.167D-03
 I->       8          9         10         11         12         13
 
  DISE   
   0.000D+00  4.167D-03  4.167D-03  4.167D-03  4.167D-03  4.167D-03  4.167D-03
 I->       1          2          3          4          5          6          7
   4.167D-03  4.167D-03  4.167D-03  4.167D-03  4.167D-03  4.167D-03
 I->       8          9         10         11         12         13
 
  AREP   
   6.250D-06  6.250D-06  6.250D-06  6.250D-06  6.250D-06  6.250D-06  6.250D-06
 I->       1          2          3          4          5          6          7
   6.250D-06  6.250D-06  6.250D-06  6.250D-06  6.250D-06  6.250D-06  0.000D+00
 I->       8          9         10         11         12         13         14
 
  ARO    
   8.333D-05  8.333D-05  8.333D-05  8.333D-05  8.333D-05  8.333D-05  8.333D-05
 I->       2          3          4          5          6          7          8
   8.333D-05  8.333D-05  8.333D-05  8.333D-05  8.333D-05
 I->       9         10         11         12         13
 
  VOLP   
   1.000D+20  5.208D-08  5.208D-08  5.208D-08  5.208D-08  5.208D-08  5.208D-08
 I->       1          2          3          4          5          6          7
   5.208D-08  5.208D-08  5.208D-08  5.208D-08  5.208D-08  5.208D-08  4.584D-41
 I->       8          9         10         11         12         13         14
 
 T(init) 
   1.000D+01  1.000D+01  1.000D+01  1.000D+01  1.000D+01  1.000D+01  1.000D+01
 I->       1          2          3          4          5          6          7
   1.000D+01  1.000D+01  1.000D+01  1.000D+01  1.000D+01  1.000D+01  1.000D+01
 I->       8          9         10         11         12         13         14
 
  T      
   1.000D+02  9.583D+01  8.750D+01  7.917D+01  7.083D+01  6.250D+01  5.417D+01
 I->       1          2          3          4          5          6          7
   4.583D+01  3.750D+01  2.917D+01  2.083D+01  1.250D+01  4.167D+00  0.000D+00
 I->       8          9         10         11         12         13         14
